
1.85 1.904599695474091
0.75 0.8874119674649424
0.55 0.8046738469715542
0.6 0.6633249580710799
2.9 1.5132745950421556
0.95 0.9733961166965894
2.6 1.0677078252031311
3.65 0.9630680142129111
7.1 2.256102834535696
10.15 3.0376800358168077
11.25 3.207413287993925
14.75 4.948484616526558
12.25 3.0639027399707057
14.9 4.805205510693585
15.1 4.877499359302879
12.9 3.047950130825634
17.4 4.993996395673509
18.95 6.045452836636805
15.05 5.044551516240071
23.0 7.293833011524188
17.5 4.466542286825459
19.45 10.423411149906732
22.8 8.726969691708572
25.5 9.957409301620578
21.45 9.25999460043039
21.7 5.129327441292864
24.45 8.558475331506191
24.6 11.372774507568503
25.65 7.995467466008477
21.6 9.046546302318914
30.15 13.203313977937508
29.4 11.637869220780924
28.6 10.248902380255165
28.85 10.374367450596688
28.85 11.363428179911201
30.4 11.551623262554921
27.15 9.870536966143229
26.85 8.439638617855625
23.7 8.19817052762383
33.1 8.239538822045807
28.8 11.03902169578446
33.4 8.32706430862642
20.55 8.980395314238677
30.55 9.609760662992601
36.6 14.033531273346705
36.0 14.092551223962253
28.5 13.872634933566154
31.75 13.935117509371782
28.05 10.360863863597473
27.2 11.556816170554933
27.8 13.515176654413365
31.3 10.73824939177704
22.3 12.128891128211185
29.15 11.538089096553206
35.35 14.997583138626037
30.65 11.507714803556784
29.15 7.377499576414762
38.65 15.957051732697993
29.9 11.717081547894084
35.1 11.053958566956906
33.2 12.241731903615602
19.0 6.300793600809346
29.05 9.57327007871396
27.2 12.444275792507975
30.2 11.655899793666725
34.15 15.402191402524513
39.35 13.421158668311763